25168
26711
24325
25391
24473
24735
26098
27094
25490
26360
24921
27452
24341
24465
24710
26457
27612
24528
24988
25162
26318
27696
24239
28540
26228
27169
27100
28545
24235
27000
24617
27155
24365
27046
24244
25946
27635
28503
24649
24278
26320
28530
25535
26535
24460
26503
24361
26694
24227
27298
25856
26013
25805
25163
26805
25744
24602
24859
24425
27457
26761
25109
25543
24487
27759
24336
27742
25855
24307
27141
24709
25286
25486
25517
24574
25082
27154
27539
25159
28385
24259
25794
24417
24404
24630
24233
24586
24302
25136
25729
24284
25204
25847
24706
25089
28512
27753
25080
25661
26568
25126
25259
25036
24252
25317