25979
25668
27771
28580
24345
25774
25408
24458
24503
25806
25928
27772
28535
25924
26059
26550
27254
26236
25938
24543
28517
26289
26386
25859
24690
24758
25675
26752
26957
25153
26040
24748
24889
25101
24230
27279
24591
25840
24683
25197
27675
27091
26453
28563
28581
26648
25399
24223
24308
24661
25966
25996
26054
24799
27671
26863
27514
24257
26413
25593
26489
25897
26437
24718
26074
24989
27157
24568
25090
28565
24527
25871
25406
25492
26527
25014
28554
24324
24668
25994
26783
26016
25203
28576
24309
24606
26071
24827
24328
27382
26956
25199
25376
28434
26248
26221
26753
26247
28442
26284
26596
25578
26852
25196
24707
26700
26998
25536
25111
26519
25559
24851
27724
24911
24791
26709
26504
27293
26668
27006
27482
25508
27443
28453
26903
25343
26609
27335
28441
26539
25032
27734
27146
27238
27736
25465
24713
24315
27456
27517
26677
26264
25540
25796
25771
26934
27188
26532
27713
26452
27255
24858
26140
27177
25482
25441
26466
26477
25498
24958
25754
26696
26825
26897
25539
26816
24548
28399
26610
26395
26866
27629
25756
27110
27717
26703
24260
27300
25088
25568
27572
25346
27533
26460
26138
27233
26317
27017
27646
26918
24679
27374
26133
27536
27150
26500
26992
25515
24268
24554
25430
27112
25331
26877
26895
24990
26549
27071
26117
26649
27752
26552
26927
26340
26538
26847
27693
27398
27762
26991
26995
26598
27655
27363
25530
25524
27617
26426
25791
27418
26358
27325
26048
25284
25096
26708
24830
27722
27247
27580
27703
25553
26737
27593
24470
25297
26349
26344
25537
26383
24960
26404
26808
26127
26880
26392
27619
26342
24515
25435
24940
25570
27024
27582
26563
24789
28502
26155
25499
27232
25541
25285
25609
26324
25076
26893
27396
25418
26566
26912
27756
24906
26996
27194
26483
26985
27718
26540
24486
24726
26841
25608
25503
26521
26590
26364
26322
25332
27586
27248
26565
27039
27547
25654
27054
25626
25329
27161
26451
26938
27426
24514
26729
27682
27640
24792
25618
24423
25344
25590
27688
25534
24323
25468
25582
25002
26153
26878
27261
25266
27267
27005
27691
27451
27604
26154
28454
27467
26402
26651
27475
26327
26979
27551
26241
27658
25448
25063
25268
27052
27136
27702
27673
26269
25542
27486
27390
27491
26321
26809
26575
26594
27330
26203
26175
27544
26473
25737
25628
27230
26132
27149
27215
25746
26373
25968
26329
26736
27391
25653
25306
26530
25035
26409
26630
25370
27422
27446
27118
26583
24228
27389
26212
26194
24637
26258
26234
27653
26313
26122
26993
25328
25227
26803
27468
25457
26270
25563
27138
26944
25556
25697
26673
27302
26517
27316
26189
26879
24754
27243
26542
25425
26812
26656
27117
25247
25948
26508
27235
27186
25999
26022
24768
28444
25319
27241
26585
27465
24846
24819
27212
27224
24241
26372
26617
24853
27119
26684
27414
25356
25678
25330
24329
27485
26056
24639
26144
27473
26606
26643
26622
28413
25095
27643
26906
27352
27440
27360
25443
25057
26531
25776
26836
26072
25251
26361
27570
26243
26485
27193
26302
26177
27221
26263
25838
27147
27607
27498
24222
25602
25446
25452
26449
26410
27701
24364
26994
27202
26636
26525
27732
25309
25610
26695
25898
25636
25161
26512
26469
26558
25283
27184
26332
28505
27318
25711
26419
25011
26804
27755
25560
25731
27614
26697
27277
26378
24832
28414
27419
25769
26299
26422
26749
26348
26948
27549
26470
27008
25449
25335
24391
25365
25447
26748
26216
27528
27571
27748
24698
26107
27199
27028
27584
27735
26112
27219
27506
27151
27585
27402
26735
27015
26952
27758
26304
26555
25914
27038
27339
25053
25460
26977
26541
26514
28470
27723
26905
26095
26747
26629
27351
25651
26223
27656
25374
26959
27380
24492
26626
28447
27685
27589
26940
27111
25350
27211
27319
26587
27749
27346
24628
26486
27597
26162
26653
27694
27296
26146
26821
26978
24494
26356
27540
26624
26997
27504
25381
26591
25557
27127
27381
25296
26771
27098
26403
26840
25308
26588
26518
26792
27050
26644
26961
25802
27615
27260
27326
26954
27531
27559
27416
24632
26513
25245
25781
26669
27126
28396
27263
25424
24647
25760
25225
27009
27306
27259
27455
26672
24670
26385
26874
27012
26252
26971
25289
26837
27565
27587
28450
27295
25613
25652
27505
26226
27093
26406
25253
25353
27715
26873
27427
27524
25303
26167
27706
25252
27195
27359
26528
27228
28440
25599
26742
26391
26766
25256
25900
27168
26842
26296
24912
27317
24702
27289
25725
26935
27523
27062
24869
26972
27283
27132
27030
27754
27088
25834
26209
25879
26795
27315
26861
26728
24764
25649
25467
25358
27684
27542
27577
27355
25144
26782
28423
27139
26581
26660
28416
27265
28455
26806
27314
27081
25276
26283
27596
27357
27403
26702
25191
26249
25640
27273
26814
27338
25884
27056
27107
26756
25903
27312
24694
25630
26259
26799
27564
26201
27173
26969
27477
26717
26557
26964
25712
27454
27603
24529
25291
26125
27488
25008
27307
26616
26827
27679
24746
27404
27648
26227
27304
27434
27616
26170
27462
27476
27626
27153
28420
26950
27137
27560
26739
24212
24296
25459
26715
25622
24343
24979
25571
27035
27657
27201
25279
26826
24998
25031
26412
28478
26210
27444
25941
24737
27284
25474
28415
26819
26862
26560
25681
26857
27751
25471
26963
27181
25554
27720
27661
24997
25108
27166
27322
24793
28411
26759
25607
26570
27705
26785
27690
26907
26293
24825
25953
24546
26330
25098
27275
24318
25569
25255
27669
27521
26291
27059
24210
26367
27490
27109
26250
27069
24202
25696
25659
25333
26461
27624
27010
25732
27621
25019
25230
25585
27630
25112
26256
27266
25183
26306
25368
26968
26091
27652
24638
25292
25393
28469
24965
25986
24209
25185
26484
25213
27366
26380
27757
25526
27727
25294
26876
24355
26790
27489
28506
25009
27101
26467
27158
25237
26902
25434
26277
25798
25307
28460
27084
27257
27464
26631
26891
25312
25236
27372
25442
27642
25632
26693
26262
26746
24621
26628
26946
27377
25971
25666
26345
26813
26166
26506
27466
27192
26762
26657
26815
24721
26509
25734
25340
26450
25667
25724
26375
24938
27097
24429
28425
27053
27288
26543
27013
27709
26482
26883
27707
27553
24877
25558
25963
25819
27175
27075
27023
26308
25522
26355
27096
25414
27022
26908
26652
25682
27439
26261
26495
27376
26681
26238
26726
27660
25261
26870
27242
26577
26687
26493
25745
25647
25437
26832
24699
27083
27745
26443
26881
27474
26205
25270
26901
26605
27450
27695
26251
26347
24936
26745
26233
25511
26856
25878
26365
27227
27285
25231
27286
26353
26981
24484
27209
26183
27294
27645
26309
28471
27509
24712
25338
26810
28400
27206
27191
27072
26211
25566
26855
27654
27667
25978
26922
27639
26475
24684
25071
24976
27778
25258
27692
25707
25918
26931
26741
27659
24303
26510
25472
26326
27145
25409
26301
25156
27055
27114
26655
25264
24894
27631
25549
25412
25395
25367
24436
27674
27733
26462
27644
27563
28439
25686
26772
26439
27746
27204
26290
26642
25755
27063
27160
27430
25152
26798
27167
26432
27515
27678
27231
26456
26924
28449
25491
24964
24405
26515
26632
25521
25117
27622
27698
26638
27297
26818
26690
26359
26520
25326
24801
26279
27638
27575
24852
25226
26580
27634
24839
26526
25552
24502
26281
24870
27532
26388
25129
24982
25012
27683
24811
25583
28451
26716
25481
26744
26966
27170
27225
27378
26764
26202
25030
27420
27079
24779
26650
27037
25772
25238
26325
25749
25679
26480
26038
25487
25513
25818
24762
26479
24428
26274
25717
26797
25188
26346
24287
24506
24593
27469
26147
25272
26200
24948
24865
25263
25347
24551
24347
24613
25267
24631
25633
25877
26131
24562
26235
27502
25179
24739
24657
25476
27134
26899
26297
26831
24935
25528
27268
27383
24656
24978
24509
26204
25215
25817
25901
24560
26430
25616
27040
25631
25899
24922
24818
26447
24904
27102
24281
24482
25997
25275
27503
27116
24834
24601
26778
26671
26231
26225
27764
24655
26169
25219
26070
24931
27738
26000
26455
25039
26323
26973
25680
25880
28507
27011
25644
26755
25478
26267
25538
25688
25684
24885
27408
24349
24406
25574
28543
25295
26255
28488
26947
26571
25485
24485
24533
24676
24646
26564
24532
24929
28533
25377
24261
25867
26185
24388
24204
24552
25337
26093
27320
25635
26025
24412
26338
24464
25512
26400
25922
26786
28504
24220
27650
25841
25991
26311
28498
24374
26835
24536
26743
28500
24800
26396
26428
24973
25983
24377
24836
25923
24714
28492
27179
24263
25674
26178
26838
24454
26031
27089
28578
27003
25006
24251
24238
25783
26218
24498
28579
26777
24483
24312
24594
28562
26603
26398
25943
25488
24736
28570
24771
25597
27428
25274
24299
24777
24624
24773
24340
26066
24500
26023
24531
26885
24322
26445
24776
24905
28467
24206
28559
26433
24258
26418
26667
24955
27364
24399
25843
24521
24945
26085
24317
24524
25018
24275
24455
25685
26894
28555
25690
26012
27743
25797
24857
24415
25836
24516
26052
24291
25074
26088
27229
27103
24507
24716
27226
24256
25165
24652
27700
24703
26471
24959
25118
26582
27699
26546
27104
24892
24557
28489
24475
24420
27207
24696
24217
24501
24898
26160
28552
24734
25396
24211
25975
25969
28485
27495
27417
25606
26424
25131
27487
27666
24600
28486
25828
27606
24687
27592
24585
27234
25695
26152
25166
24824
25154
24387
26047
26645
26415
25385
26417
24452
24692
25223
28536
27750
27074
25322
27354
25205
24582
26222
26937
27761
26654
26511
27522
26343
26123
27687
27031
25224
28557
28491
24874
27122
25547
27291
24376
26014
24301
27763
25138
27162
25726
24788
25733
25246
25933
24567
25972
25140
25067
24518
24723
28529
24618
24896
27324
26639
24950
24833
24866
26578
27269
25155
25210
25916
25170
25081
25587
24891
26429
25743
27095
25882
26044
24596
26939
27712
24579
25091
24850
25709
26524
25044
25844
24774
25927
24604
24848
24490
28514
27002
25093
26990
28456
26034
25621
25024
24908
26229
24280
25379
25767
24862
24221
28518
25302
25033
25110
28487
24462
24283
26970
26888
26436
26421
24981
25764
24411
26335
24743
27041
24249
24797
27198
26824
25993
25911
25523
25198
27240
27092
24449
24286
28466
24553
25795
26168
26446
24708
25084
25201
24207
27029
24711
26310
24745
25150
25103
28427
26554
25387
25723
24213
27636
26083
26407
25065
25669
24414
25708
24357
28397
24941
24597
26769
24564
24740
24863
24572
24539
24442
24457
25151
25775
25584
26839
25431
25455
27471
25825
27033
25561
28528
26634
25505
25099
25846
24633
25967
24780
28551
27066
25122
25586
24733
28494
25357
26942
25595
24351
26913
24925
25714
25351
24731
24584
25987
25716
24987
26434
26017
24861
25077
24338
25495
25119
26363
24599
24760
25208
26078
24277
28493
24991
24334
26134
26341
26787
27744
25086
24977
25190
28519
27550
27680
25939
25034
25527
24635
24496
27747
26101
27637
25575
25790
25380
24751
25007
28499
26191
24565
26111
27538
24393
26416
24248
25171
25422
24717
27244
24346
27433
24271
24765
25848
26463
24285
26833
24400
27347
24373
24798
25378
24422
26763
25766
25670
27453
24247
27164
25501
25383
25807
26533
25567
26679
26092
25757
27239
25158
26334
24759
27590
24916
25604
25722
25502
24909
26544
28468
24766
26089
24933
26548
26738
24729
25461
24826
24996
27067
25176
24627
27142
24810
24218
24804
25001
25741
25820
24614
24685
25925
24569
24842
24821
26271
28548
25078
25853
25005
26776
27725
24437
24203
24575
25045
24477
26731
24882
26465
25496
27262
27602
26529
26983
25750
27740
25913
27113
25782
28452
28573
24378
24984
25965
27499
26435
25778
28544
25751
25831
26860
25130
25180
27185
25265
26050
24970
27042
27561
26041
26427
26637
25634
26551
25812
24867
25043
25894
24448
25799
27049
26090
28495
24598
26110
25550
25753
25811
27458
24688
24691
24224
25762
24823
28523
24796
26148
24453
24229
24395
24282
25384
25998
25624
27470
24439
27628
25545
25243
25254
25793
25194
24205
26063
24226
27256
25066
26033
25200
24215
24681
24775
25532
25504
25839
26579
27070
24382
25736
24540
24926
24927
28525
24541
28490
25133
25028
25612
24700
24368
25698
24663
24225
25727
24474
25715
25747
27625
25700
25956
24489
24868
24459
25713
24504
24269
25893
26516
26001
25403
24876
24471
24293
25883
27108
25779
24219
24433
24660
25228
27449
25058
25141
25139
26910
28553
26507
28461
26496
25740
26282
26640
24264
25573
24440
26553
25739
24629
25157
26305
25788
26647
24719
24481
27447
26042
24897
24701
24808
24878
25940
25896
25692
24240
25562
24589
25544
25510
26026
24790
24595
26425
27183
26420
25366
25507
27415
24403
25440
25132
24523
24783
25961
24438
24742
25784
26488
27353
24967
28433
25509
26374
25589
25060
26537
28430
25211
24986
25113
24944
24814
26303
24769
28522
25705
25372
27182
24844
27187
27144
28496
24917
28537
25910
25758
24522
24812
26505
27341
24556
25054
27496
27569
25168
26711
24325
25391
24473
24735
26098
27094
25490
26360
24921
27452
24341
24465
24710
26457
27612
24528
24988
25162
26318
27696
24239
28540
26228
27169
27100
28545
24235
27000
24617
27155
24365
27046
24244
27163
25186
26454
25984
24840
25730
25809
24847
24968
25029
24969
24785
26464
25128
24741
24344
24520
28462
27025
24297
24849
25789
28542
24544
25763
24216
24402
27445
24316
27681
25959
26064
24939
26094
25874
25946
27635
28503
24649
24278
26320
28530
25535
26535
24460
26503
24361
26694
24227
27298
25856
26013
25805
25163
26805
25744
24602
24859
24425
27457
26761
25109
25543
24487
27759
24336
27742
25855
24307
27141
28516
26136
24519
24245
28564
27647
26468
24786
27152
26459
24466
26633
26080
24820
28568
25704
24829
25533
24313
27627
27796
25407
25902
27156
25785
27591
24837
27534
25172
25360
26097
24461
25905
25021
26393
25290
24558
25623
24369
25046
27729
28577
25742
26851
25829
25895
25738
26646
25085
26161
24753
25683
25146
26522
24555
25786
26401
25906
25189
26076
24298
24545
25073
24578
26784
24993
24517
26431
25576
25493
24709
25286
25486
25517
24574
25082
27154
27539
25159
28385
24259
25794
24417
24404
24630
24233
24586
24302
25136
25729
24284
25204
25847
24706
25089
28512
27753
25080
25661
26568
25126
25259
25036
24252
25317
26077
25759
24805
25017
26501
26817
27714
25864
24957
25382
25588
25800
26545
24581
26849
28541
26865
25699
26627
24526
25342
26584
26387
26547
24266
27760
27573
26394
24795
25514
24901
24895
25565
28484
25027
26079
24918
25801
25648
25826
25142
26986
26760
24828
25546
27583
24561
24499
27373
24234
25114
24752
24337
25919
24872
27677
24587
26641
25218
24314
26165
27121
24236
25852
24419
24902
25611
24674
24214
28501
25792
24476
28508
25529
25594
26257
25777
26179
25405
27099
25149
24603
28457
26659
25824
24915
24583
27623
24468
26141
25059
27741
25444
24875
28534
26423
25094
25048
25042
26534
25735
28520
25121
25761
27568
25400
27264
24488
26118
25064
25907
27594
25229
25555
24727
25106
25787
25926
24370
25318
24787
25173
27375
24566
24242
24432
25469
28532
27731
26298
26586
25178
25548
25040
24677
25837
25239
26675
25052
24360
24724
25181
26405
25519
25518
24615
28417
25944
28465
25947
26002
25038
24658
24424
24919
28497
26523
26635
26011
24763
28566
25016
28560
